size: normal
x: 100
velocity: 4
background: :sprites/ground.png
stage: 3
obstacles: 50,50,190,200,255,0,255,0|40,40,250,200,0,255,255,0|100,20,-100,150,0,0,255,2|100,100,150,250,0,255,0,0|100,100,500,300,255,0,0,-1|50,50,0,100,128,128,128,1|50,50,50,200,128,128,128,1|70,300,10,20,78,128,50,0|70,300,70,200,78,128,50,0
moreObstacles: 50,50,170,20,25,0,122,0|40,40,250,200,0,40,255,0|100,20,-100,150,0,0,255,2|100,100,150,250,0,255,0,0|100,100,500,300,255,0,0,-1|50,50,0,100,128,128,128,1|50,50,50,200,128,128,128,1|70,300,10,20,78,28,50,0|70,300,70,200,78,12,250,0->50,50,150,200,255,0,122,0|40,40,250,200,0,40,255,0|100,20,-100,150,0,0,255,2|100,100,150,250,0,255,0,0|100,100,500,300,255,0,0,-1|50,40,0,300,128,128,128,1|50,50,50,200,128,128,128,1|70,300,10,20,78,255,255,0|70,300,70,200,78,12,250,0
testMode: on
lives: 3
infiniteMode: yes
